1 91 58 71 39 10 13 71 77 13 78 46 35 45 : 13-1, 3-1, 8-5, 12-12
94 17 7 48 30 98 15 100 87 97 43 92 5 32 88 42 36 22 33 : 1-14, 10-3, 11-12, 0-17, 16-9, 15-5
19 95 32 67 28 34 95 13 54 94 57 77 63 45 99 31 36 85 : 14-16, 4-2, 10-9, 9-13
27 26 64 11 43 82 57 11 100 46 72 63 36 37 61 71 : 3-8, 8-3, 0-4, 11-12, 7-8, 4-8, 5-4, 15-4
34 25 58 4 11 32 95 36 23 59 : 3-1
30 42 66 84 63 82 9 17 10 42 98 29 80 43 41 55 83 68 19 20 : 10-2, 5-16, 16-9, 16-3, 13-7, 12-5, 10-16, 15-10, 9-15, 2-9
44 94 54 31 48 13 87 92 41 46 69 10 72 34 28 38 97 19 13 : 10-13
93 57 92 97 25 9 75 18 42 27 46 15 37 96 29 : 10-12, 3-13, 9-3, 12-3, 8-1, 14-0
48 72 66 71 47 33 3 91 62 4 81 39 6 11 46 84 18 52 55 45 : 18-2, 1-3, 4-13, 16-14, 1-17, 7-7, 13-2, 5-18, 4-19, 6-18
10 5 2 33 4 80 82 73 27 56 25 4 73 20 37 91 87 29 14 : 9-9, 15-15, 6-16, 16-9, 9-13, 2-14
42 75 100 54 91 85 14 81 31 81 23 32 : 0-6, 4-3, 6-5, 2-10, 7-5, 2-1
77 57 68 34 21 44 3 29 77 26 97 97 33 36 5 30 93 81 94 80 : 8-3, 18-12, 2-1, 2-14, 13-4, 6-19, 2-2
85 92 71 78 68 68 27 69 80 13 94 41 69 67 75 73 54 33 83 : 4-2, 13-7, 4-11, 18-3, 18-3, 16-10
17 65 26 86 97 100 77 23 79 91 11 24 27 97 48 18 : 11-3, 15-4, 14-2, 8-12, 0-9, 2-10, 7-6, 1-13, 5-11
90 42 5 77 65 10 71 18 78 28 78 93 67 15 36 51 : 6-13, 7-14
77 92 19 20 67 86 95 91 16 39 64 62 93 50 16 : 0-4, 12-3, 7-10, 10-14, 10-6, 4-14, 2-11
16 61 59 70 29 44 17 55 2 13 31 91 17 : 9-0
44 53 6 4 50 17 39 42 39 68 94 66 : 4-4, 11-5, 2-3, 7-4, 2-7
40 85 83 91 60 37 71 35 7 57 67 58 57 57 67 3 9 96 40 : 13-10, 4-15, 15-3, 11-10, 1-9, 13-12, 5-2
2 33 61 82 91 46 61 39 5 98 78 41 51 49 : 1-8, 4-11, 5-8, 5-2, 12-12, 5-2, 5-0, 10-0
17 38 50 60 84 89 3 72 26 21 7 50 80 95 19 49 66 92 24 : 4-6, 1-17
19 34 5 77 67 6 87 60 87 8 48 29 : 6-4, 1-0, 1-4, 0-10, 7-8, 7-9
83 36 79 33 24 26 41 59 22 51 : 0-0, 6-2
59 20 46 60 37 72 67 25 77 6 86 27 55 60 12 41 55 21 : 13-17
50 2 89 62 7 42 100 52 42 22 20 30 96 1 27 25 30 58 11 23 : 14-0, 3-6, 7-17, 6-18, 8-2, 17-14
20 84 22 99 82 4 63 93 57 42 22 87 18 23 3 63 89 31 : 13-1, 15-16, 13-15, 0-15
23 66 73 33 28 74 14 33 77 69 48 79 37 95 75 15 40 25 : 6-15, 1-8, 0-1
1 5 95 5 72 62 56 28 74 93 6 80 11 59 17 32 4 : 13-16, 8-5, 13-16, 9-15, 0-7, 15-15, 6-11, 5-4
36 50 5 59 3 11 2 40 69 90 15 25 81 10 : 0-7, 12-2, 10-3, 0-5, 8-1
85 15 22 77 62 30 43 31 53 2 74 32 : 11-6, 10-7, 3-4, 9-4, 11-4, 8-5, 5-1
38 34 72 70 24 66 1 8 46 57 46 28 99 60 54 49 68 : 15-8, 10-2, 1-4, 9-2, 6-11, 15-2, 1-14, 6-5
90 72 16 17 33 7 24 7 78 2 : 0-8
23 7 20 95 92 25 74 14 41 96 78 : 9-3, 4-10, 2-2, 7-5, 8-10, 5-3
16 98 4 68 40 70 29 83 47 69 42 56 59 64 : 10-6, 10-8, 4-0, 10-8, 1-9
31 34 80 61 51 72 68 80 64 97 18 35 11 86 15 : 14-2, 2-2, 14-6
53 9 79 66 32 56 15 27 69 95 84 : 7-0, 6-7
36 31 78 49 15 39 47 81 50 16 42 21 4 75 78 9 66 40 : 7-13, 2-11, 6-10, 9-13, 14-5, 11-1, 1-6, 10-2, 14-10
71 95 38 96 94 36 26 95 83 41 2 12 53 15 95 32 : 2-0
57 12 85 18 86 87 77 56 34 80 95 67 38 59 7 18 80 60 : 14-15, 13-3, 0-6, 1-4, 4-2, 8-12, 7-17
15 50 28 10 35 54 10 58 23 55 14 42 53 11 6 72 85 57 : 9-14, 10-1, 11-3, 11-10, 8-7, 0-4, 12-11, 3-11, 5-1
40 62 85 72 81 94 68 39 20 85 20 54 48 92 39 : 0-12, 10-13, 1-3, 7-2, 1-6, 11-13, 14-0, 1-1
31 59 63 34 26 59 90 27 67 42 15 53 27 13 49 57 92 81 : 7-7, 1-3, 17-6, 9-2, 2-11, 3-4, 15-3
47 4 84 40 8 55 89 58 83 97 : 9-5, 1-3, 4-1, 8-3, 7-8, 6-4
51 54 37 93 25 77 28 55 20 73 50 80 17 33 55 82 48 83 87 80 : 0-12, 16-1, 5-9, 18-4, 14-17
28 52 75 77 62 11 2 32 7 80 20 47 : 9-9, 8-4, 7-6
20 9 75 73 19 68 62 77 60 86 72 : 6-4
34 14 25 27 51 61 98 13 70 59 33 62 77 51 82 67 72 56 : 6-10, 6-5, 15-11
80 36 15 39 96 73 97 35 24 21 93 73 : 6-10, 6-10, 3-4
55 26 82 93 78 50 77 32 54 52 46 29 65 : 11-2
5 71 11 49 84 10 30 76 35 75 21 13 53 : 10-4, 5-5, 0-8, 11-0, 8-10, 3-5
51 92 76 7 26 21 33 8 14 96 100 2 82 : 1-10, 11-1, 6-3
16 48 57 37 34 85 72 42 34 26 60 79 78 64 89 42 31 : 13-3, 12-15, 13-9, 11-1, 3-11, 1-15, 15-4, 7-14
60 77 12 54 16 21 56 97 91 59 16 31 84 64 61 35 14 87 : 9-17, 4-10
91 91 15 20 79 94 100 4 55 35 83 53 57 48 81 77 94 99 : 6-12, 2-5, 6-13
54 34 68 79 54 26 7 91 90 3 43 40 78 70 24 5 53 100 : 14-16, 14-0, 15-17, 12-13, 9-16, 9-2
56 53 49 81 31 41 81 87 7 63 75 92 98 53 89 5 8 66 34 : 15-11
74 30 12 9 39 44 11 3 31 54 75 66 : 3-0, 3-4, 3-8, 0-8, 2-8
39 94 95 92 99 33 30 62 44 98 : 9-3, 5-9, 8-2
58 59 89 21 47 19 24 68 84 54 18 54 74 65 : 12-2, 7-2, 10-11, 2-10, 11-0
84 58 62 33 83 58 19 53 85 86 42 94 68 89 75 4 40 24 86 29 : 3-7, 15-17, 9-0, 13-4, 8-14
2 90 37 14 9 47 2 73 38 6 100 29 18 83 94 82 98 53 : 17-3, 2-3, 2-5, 13-6, 11-17
77 37 82 14 5 76 57 24 3 50 97 53 55 55 94 58 : 3-9, 15-0, 4-2, 3-0, 0-3, 12-6, 11-3, 4-2, 3-7
58 100 76 52 18 47 18 17 51 36 98 2 80 36 92 5 23 79 56 63 : 10-15, 0-6, 17-3
22 20 3 18 30 12 96 33 92 58 55 72 4 90 2 44 : 7-8, 0-6, 3-15, 5-2, 6-12, 8-0
44 87 68 35 93 66 49 14 92 57 2 : 4-8, 0-5, 7-5
79 49 68 35 31 97 57 91 96 40 37 41 : 1-9, 7-4
73 80 44 65 70 68 90 59 66 18 68 40 39 95 : 10-10, 2-4, 4-12, 1-10, 4-13, 3-12
25 68 12 87 41 33 24 64 100 28 9 44 84 36 12 9 29 3 89 16 : 16-7
55 39 86 10 45 67 7 92 51 72 36 20 2 43 4 24 70 42 : 12-11, 13-11
52 31 2 85 79 4 28 78 22 19 89 34 6 52 44 32 : 6-3, 3-5
68 97 89 71 22 21 65 68 3 18 : 8-9, 6-5, 4-1, 8-1
57 46 66 57 55 69 74 63 89 61 : 2-4, 6-0, 0-4, 5-6
60 4 31 70 38 78 69 21 16 80 87 : 1-3, 8-3
28 11 17 78 25 51 52 20 75 14 6 53 78 90 : 11-4, 5-2, 0-3, 9-0, 11-2, 13-7, 11-11
86 82 1 72 8 77 91 16 82 13 79 59 : 2-5, 11-4, 6-8
100 70 52 42 21 34 16 49 9 41 20 14 85 20 : 12-11, 3-3, 8-13, 2-4, 5-6, 13-11, 13-10, 7-3
21 56 34 75 44 52 8 66 94 70 : 7-7, 1-7, 2-8, 6-9, 0-1, 6-1
93 59 62 81 62 31 34 58 85 38 6 71 70 14 : 10-8, 6-9, 3-11, 7-6, 8-12, 11-12, 0-11, 11-3
5 62 85 22 19 80 34 63 51 60 : 9-5
19 55 16 77 10 16 27 5 19 38 39 71 99 30 93 58 61 13 64 67 : 5-4
95 32 77 73 66 17 58 86 100 95 98 49 23 66 8 43 10 86 50 25 : 16-13, 9-11, 19-11, 19-15, 11-9, 5-10
87 12 41 91 82 60 21 55 22 72 53 52 92 93 : 11-1
83 55 86 48 94 82 61 63 78 60 3 50 : 3-8, 0-8, 6-11, 3-1
41 16 27 97 93 82 20 32 4 86 7 38 94 54 47 14 4 25 53 : 14-1, 12-10, 14-16, 6-12, 14-8, 4-13, 14-10, 4-1, 18-4, 13-9
32 73 27 47 81 17 79 96 84 82 62 69 : 5-2, 11-8
43 99 73 16 36 30 5 23 50 68 78 51 74 33 5 77 99 1 16 : 8-18, 12-17, 5-17, 9-2
8 98 73 21 85 57 35 40 13 93 71 63 5 12 88 31 46 84 : 9-12, 9-13, 6-5, 17-14, 17-14, 11-11, 1-7, 4-0, 12-1
59 19 69 75 90 91 50 68 58 58 74 75 35 25 88 43 : 9-14, 5-2, 10-13, 6-8
16 58 25 99 67 85 9 64 79 84 54 99 32 48 2 : 1-11
67 27 47 49 11 36 76 83 97 20 39 47 26 41 44 56 43 65 : 16-1, 13-10, 9-4, 5-0, 17-0, 15-14
70 100 46 29 57 75 48 34 3 72 : 8-6, 4-1
66 82 87 10 55 90 76 76 62 22 44 12 59 38 26 91 : 14-9, 5-1
57 41 48 41 33 82 43 3 6 7 : 2-1, 6-0, 0-9
28 1 69 21 84 23 53 34 66 35 71 39 80 15 75 9 50 : 10-15, 16-13, 8-16, 7-2, 2-8, 10-16
14 50 13 42 92 44 83 72 97 17 7 80 37 96 56 72 26 : 12-0
1 64 48 18 51 52 87 81 43 3 94 7 40 81 87 : 6-3, 4-11, 6-5, 3-11, 5-14, 11-12
13 52 64 17 92 100 81 25 40 41 45 58 13 9 98 30 58 4 9 91 : 15-7, 2-12, 7-5, 18-1, 7-15, 10-0, 1-10
37 53 96 69 64 94 71 43 35 98 : 9-0
4 43 62 89 64 91 73 97 87 63 : 2-8, 3-4, 0-6
95 36 32 45 9 44 66 7 74 56 5 65 54 29 8 6 : 7-4, 2-11, 5-0, 7-5, 0-3, 3-2, 5-7, 12-12, 4-13